85.24
96.05
74.99
38.00
97.09
76.04
85.52
166.20
83.34
61.15
72.71
90.60
58.80
155.49
64.68
110.71
120.29
72.39
89.90
79.49
178.86
163.20
178.23
220.43
168.81
91.55
75.86
60.67
41.55
45.23
191.86
71.01
190.05
166.20
76.90
202.44
142.05
164.55
92.73
70.08
69.42
110.93
160.30
86.99
186.09
97.93
55.22
172.87
87.27
48.52
67.47
84.11
78.49
112.10
122.44
164.83
180.16
87.10
64.22
42.48
77.28
124.78
135.36
174.57
83.08
89.97
103.92
134.85
65.20
148.84
81.72
105.36
74.90
68.89
58.72
64.67
185.40
80.63
150.78
166.42
145.40
154.93
207.47
148.57
92.28
51.48
63.89
113.16
91.32
213.03
134.29
182.51
67.13
100.63
234.87
74.76
69.03
74.98
57.25
136.28
124.02
109.71
88.22
74.36
