100.00 934.11
100.00 1406.87
100.00 1410.24
.00 .00
.00 .00
50.00 1148.73
.00 .00
100.00 2187.80
100.00 2794.86
100.00 1141.67
.00 .00
100.00 1061.48
100.00 2417.33
100.00 2265.56
100.00 2692.43
100.00 1011.70
50.00 859.66
50.00 1161.10
100.00 1047.67
100.00 1868.62
100.00 732.52
100.00 1970.84
50.00 1030.96
100.00 1674.07
100.00 2237.50
100.00 1592.14
100.00 2267.72
100.00 2910.95
100.00 1279.98
50.00 1058.75
100.00 3156.49
100.00 2106.20
50.00 1060.29
100.00 2200.94
100.00 1888.99
100.00 1781.45
100.00 1107.39
100.00 1589.67
100.00 2609.46
100.00 1976.97
50.00 870.32
100.00 2672.07
100.00 2746.14
100.00 2220.01
100.00 1902.05
50.00 992.40
100.00 1910.02
100.00 1444.22
100.00 2579.78
100.00 3354.34
100.00 3145.99
100.00 967.02
100.00 1300.91
100.00 1197.73
100.00 1046.83
.00 .00
100.00 967.68
100.00 701.32
100.00 871.28
.00 .00
100.00 1239.90
100.00 1975.08
100.00 1027.32
100.00 2591.62
100.00 640.21
100.00 874.94
100.00 1051.42
100.00 1600.12
100.00 1813.35
100.00 1765.45
50.00 505.84
100.00 2108.05
50.00 1247.30
100.00 1599.89
100.00 1886.30
100.00 1191.45
100.00 1057.23
100.00 2140.62
.00 .00
100.00 3284.36
50.00 1120.82
50.00 1135.49
50.00 994.97
50.00 1398.70
100.00 1915.39
50.00 1256.10
100.00 1723.33
100.00 1782.89
50.00 951.49
.00 .00
.00 .00
100.00 2157.52
100.00 1877.46
100.00 352.22
100.00 584.59
100.00 1943.60
100.00 2552.85
50.00 703.42
50.00 1361.28
100.00 2058.45
100.00 2724.61
100.00 1176.24
100.00 1000.17
100.00 2992.03
100.00 857.41
100.00 1442.27
100.00 731.41
.00 .00
100.00 1264.14
100.00 1103.89
100.00 738.70
100.00 1118.46
100.00 1138.51
