79.53
70.69
72.92
57.80
109.27
67.36
97.69
98.47
73.12
62.05
74.29
93.69
55.95
64.24
73.51
66.45
46.82
125.05
80.28
41.84
97.44
91.29
90.01
92.05
63.16
89.07
126.64
51.87
60.04
108.35
78.56
70.94
83.91
62.32
76.87
45.51
77.87
96.67
101.06
38.62
119.84
71.07
85.96
96.82
97.27
80.08
67.63
60.21
113.18
83.92
73.18
100.97
78.59
31.96
92.09
72.02
93.52
76.46
68.83
93.09
59.78
102.53
87.87
50.72
53.92
92.47
101.21
73.18
60.95
79.93
82.13
50.21
90.26
99.41
68.65
102.18
46.84
98.39
95.33
100.56
89.32
70.97
114.76
74.93
109.73
78.95
99.59
83.73
