.00 .00
91.67 888.52
.00 .00
91.67 591.72
91.67 912.07
91.67 1267.44
91.67 1005.64
45.83 1092.82
45.83 827.44
91.67 793.40
91.67 841.57
91.67 374.09
91.67 957.14
91.67 938.92
45.83 765.60
91.67 2290.04
45.83 845.32
45.83 847.28
91.67 568.74
91.67 1798.39
91.67 817.62
91.67 2305.46
91.67 2019.68
91.67 1937.26
91.67 2281.64
91.67 1848.77
91.67 2041.25
45.83 614.30
91.67 658.62
45.83 1064.28
91.67 2444.09
91.67 1465.37
91.67 1532.28
91.67 2467.38
91.67 2373.18
91.67 809.67
91.67 850.93
45.83 904.08
45.83 754.01
91.67 1827.83
91.67 1284.10
91.67 2266.37
.00 .00
45.83 941.39
91.67 965.63
45.83 1126.23
91.67 1279.01
91.67 874.28
91.67 1160.97
.00 .00
91.67 2114.02
91.67 1205.03
91.67 696.13
.00 .00
91.67 805.43
91.67 1048.92
91.67 726.45
.00 .00
91.67 595.68
91.67 608.04
91.67 760.35
91.67 1785.79
91.67 858.06
.00 .00
91.67 791.10
91.67 745.39
91.67 840.86
91.67 1737.34
91.67 2027.91
45.83 910.56
91.67 1581.88
91.67 1613.15
45.83 889.64
91.67 1174.54
45.83 1025.33
91.67 890.84
91.67 678.78
91.67 1101.27
91.67 1364.12
91.67 2197.87
45.83 615.37
45.83 997.19
91.67 2434.51
45.83 794.24
91.67 1919.44
45.83 613.16
91.67 1696.46
91.67 2043.67
91.67 1477.99
.00 .00
91.67 944.70
45.83 523.65
45.83 935.43
91.67 841.29
91.67 1216.69
45.83 1160.46
45.83 625.66
.00 .00
45.83 867.04
45.83 879.07
91.67 1754.10
91.67 882.77
91.67 617.83
91.67 1612.47
91.67 751.72
.00 .00
91.67 696.78
91.67 773.74
91.67 664.35
91.67 593.38
91.67 1328.31
91.67 943.76
91.67 1014.66
