100.00 935.13
100.00 1420.49
100.00 1167.63
100.00 1517.17
100.00 1089.63
100.00 1952.66
100.00 1128.87
100.00 1680.43
50.00 850.95
100.00 1226.05
100.00 1226.15
100.00 1110.36
66.67 2189.99
83.33 9584.79
75.00 3528.16
100.00 2228.76
100.00 5638.81
.00 .00
100.00 1206.34
100.00 1541.73
.00 .00
50.00 1006.69
83.33 4206.30
90.00 4314.15
85.71 5133.81
100.00 9591.18
75.00 3555.46
100.00 2307.45
.00 .00
100.00 1494.65
83.33 6851.17
87.50 8463.57
76.92 8828.77
92.86 6748.75
50.00 8332.39
91.67 11796.26
100.00 1052.95
66.67 2051.28
66.67 1492.23
.00 .00
100.00 2034.43
100.00 4763.55
50.00 868.18
77.78 7910.49
66.67 2355.68
50.00 827.99
100.00 1245.11
100.00 1105.10
100.00 1738.48
71.43 4894.90
100.00 2058.71
100.00 859.53
.00 .00
100.00 945.31
100.00 591.76
100.00 805.49
100.00 894.70
100.00 910.89
.00 .00
100.00 896.37
.00 .00
50.00 1145.69
100.00 980.28
100.00 1990.25
100.00 1334.10
.00 .00
100.00 1064.23
100.00 2358.82
81.82 6350.39
100.00 3208.86
100.00 2240.41
75.00 1934.20
50.00 777.72
100.00 683.99
50.00 699.64
100.00 917.06
100.00 1430.24
100.00 13883.34
80.00 4474.18
83.33 3949.40
80.00 4448.48
75.00 1581.99
50.00 1124.03
100.00 1662.04
83.33 4725.27
83.33 5374.95
87.50 9236.25
78.57 13070.53
75.00 9014.24
100.00 6639.84
100.00 1069.19
100.00 2497.64
50.00 695.46
100.00 1060.87
.00 .00
75.00 2585.60
50.00 750.82
62.50 5900.82
100.00 3087.63
100.00 1946.63
100.00 2265.11
100.00 808.49
100.00 1314.84
83.33 6956.55
100.00 1176.97
.00 .00
100.00 1139.79
100.00 963.95
.00 .00
100.00 1149.10
100.00 1609.20
.00 .00
100.00 1482.17
