78.21
69.42
90.08
162.15
65.14
100.65
212.44
96.71
67.95
78.52
188.36
655.69
191.03
298.01
137.51
191.36
63.72
164.97
51.75
133.23
459.31
797.56
408.47
338.20
337.92
184.74
91.69
175.91
500.34
482.35
1078.46
1030.69
1021.40
768.20
83.85
236.89
224.64
179.34
130.17
392.06
177.76
687.31
222.83
95.72
70.57
103.00
162.06
396.69
85.71
67.36
69.20
92.11
92.76
39.83
69.54
95.86
188.22
99.16
156.37
69.20
89.47
167.89
773.40
167.43
191.57
330.38
181.73
93.22
184.12
90.59
67.04
765.13
239.98
466.28
253.27
322.76
139.85
119.17
301.25
377.74
666.17
649.59
498.97
747.84
104.04
107.45
65.84
75.80
338.29
190.26
345.69
140.14
82.25
91.71
497.74
89.32
67.78
69.84
76.11
79.25
73.90
93.81
88.23
