2.11999
3.33191
3.242
2.90872
2.32547
1.99026
2.38509
2.24297
2.67494
3.15338
3.51796
3.54388
2.39581
3.48118
3.09028
2.19508
4.61441
3.23909
3.6003
3.19503
3.42355
2.74894
3.13048
3.09108
2.83539
3.08169
3.05835
3.8553
3.30962
3.25054
2.1596
1.90549
2.28156
2.65145
3.02424
2.55283
3.48483
2.45568
2.41293
2.15259
2.37256
2.50066
2.59338
2.53142
3.02503
3.52751
3.20523
3.6297
2.70275
3.13563
2.7819
3.02305
3.58792
4.42015
4.30099
3.71086
2.83128
3.12861
2.82636
4.18278
3.50782
4.28153
3.93254
4.17637
4.60854
3.62058
3.85214
4.27705
3.96173
3.68061
4.12302
3.81529
3.24526
3.60411
3.8271
3.16016
4.3265
4.02635
4.27683
3.73227
2.83746
3.33304
4.70924
4.72471
3.34907
2.24677
2.5379
2.2017
3.71646
4.61368
4.73786
4.20089
2.67265
2.49043
2.5136
2.31125
3.68721
3.99867
5.3563
4.33695
4.65087
3.98264
3.94281
3.9152
3.93152
3.06057
2.79147
2.70445
4.28094
3.11076
2.63689
2.65119
3.9573
3.25581
2.07968
2.55229
3.63425
3.7991
4.38823
4.16568
4.26687
2.79072
3.56962
3.94987
3.85624
3.79447
3.36285
4.15187
4.12628
3.59279
2.79063
5.81673
4.19438
3.1103
2.99493
3.81917
4.81791
3.4625
4.45605
2.65186
2.72134
2.95217
3.41659
4.1765
2.83938
2.87844
2.80211
4.82127
3.80936
4.06447
3.67314
4.19195
4.80752
3.80268
4.18022
3.86679
4.21842
3.52284
4.03752
2.95262
2.59296
4.59443
4.2112
4.15656
4.12289
4.07266
3.8091
1.89614
3.6182
3.76462
2.87229
3.5236
3.12235
2.78349
2.49694
2.64315
2.13531
2.77887
2.99462
3.10652
4.31349
3.26714
3.26783
3.55169
3.48365
3.54017
2.79459
3.34734
4.10256
3.24995
3.17948
3.35735
3.98266
4.16497
3.41025
2.55547
3.10084
3.28714
3.59499
3.99966
4.07223
4.38913
4.34362
4.5371
3.73563
2.92024
2.22502
2.4794
2.39986
2.58474
2.48246
2.21114
2.7671
2.65673
2.55665
2.57794
2.92823
2.91905
3.40099
3.24681
3.31484
3.10971
2.34449
2.15371
2.38771
2.18498
2.28963
3.35157
2.50365
2.86927
2.15088
2.0275
2.35526
3.23007
2.01959
2.12791
2.01043
2.03196
2.064
3.15741
2.4702
3.98533
2.54086
3.05257
3.9848
3.39569
2.3151
4.47201
3.77498
3.04485
5.08708
2.66363
4.10684
3.51818
3.9993
4.96756
2.33349
4.61576
5.06973
2.61704
2.01645
2.42901
2.09178
2.09197
3.01841
2.48936
3.67043
4.50449
2.22344
2.81723
4.56527
4.5993
3.02565
4.82161
4.11059
4.50275
4.04373
4.56088
3.76513
3.49322
2.28293
2.63634
2.87689
3.83745
4.45483
2.63639
3.66267
2.45083
3.47556
3.91684
2.70237
3.85444
4.19842
4.09924
3.24962
2.87312
2.4521
2.59839
3.75423
3.55415
3.76931
2.69122
4.11056
4.3126
4.07302
2.06702
3.22686
2.77499
2.29726
2.44674
2.79347
3.75241
3.1213
2.39259
3.28542
2.14406
2.30685
2.94237
3.2855
3.86712
3.22185
3.16855
3.49071
3.35971
3.59722
4.25767
3.08079
3.17982
2.59399
3.76096
3.58335
3.77505
4.04539
3.27463
2.68407
4.01253
3.59273
3.01248
3.40477
2.48338
3.95558
4.04484
4.75809
6.27036
3.37707
3.24019
4.14371
4.84946
2.58782
4.20766
4.52375
5.53693
5.48475
4.91306
4.20232
5.04
2.81955
2.64308
3.94859
2.4898
4.4838
4.12961
4.50802
4.72663
4.40726
5.5767
3.13797
4.79612
3.93439
4.52958
5.52162
2.98378
3.54385
3.54017
2.79459
3.34734
4.10256
3.24995
3.17948
3.35735
3.98266
4.16497
3.41025
2.55547
3.10084
3.28714
3.59499
3.99966
4.07223
4.38913
4.34362
4.5371
3.73563